0
269
0
282
0
121
0
248
0
203
0
289
0
205
0
270
0
91
0
282
0
268
0
63
0
242
0
28
0
117
0
87
0
63
0
233
1
87
1
131
1
34
1
247
1
271
1
192
1
54
1
104
1
259
1
1
1
144
1
278
1
180
1
273
1
110
2
32
2
9
2
268
2
268
2
180
2
121
2
276
2
32
2
236
2
216
2
252
2
67
2
243
2
258
2
216
2
4
3
271
3
15
3
93
3
239
3
93
3
108
3
85
3
140
3
107
3
199
3
65
3
137
3
54
3
208
3
238
3
259
3
132
3
277
3
67
3
250
3
220
3
146
3
30
3
0
4
70
4
160
4
206
4
151
4
265
4
178
4
151
4
279
4
216
4
170
4
276
4
216
4
156
4
64
4
174
4
148
4
227
4
181
4
210
4
108
4
82
4
78
4
181
4
279
4
35
4
174
4
161
5
82
5
127
5
112
5
142
5
33
5
55
5
64
5
174
5
146
5
243
5
286
5
65
5
119
5
31
5
77
5
257
5
48
5
124
5
197
5
197
6
102
6
24
6
135
6
222
6
280
6
89
6
91
6
198
6
219
6
263
6
123
6
174
6
124
6
193
7
294
7
265
7
104
7
179
7
269
7
292
7
165
7
205
7
4
7
196
7
177
7
268
7
165
7
285
7
77
7
192
8
31
8
125
8
58
8
249
8
274
8
169
8
265
8
127
8
179
8
53
8
223
8
192
8
197
8
288
8
25
9
209
9
74
9
274
9
141
9
47
9
54
9
31
9
59
9
279
9
55
9
171
9
163
9
146
9
42
9
24
9
131
9
220
9
25
9
37
9
99
9
270
9
9
10
60
10
174
10
38
10
176
10
234
10
183
10
108
10
135
10
13
10
60
10
61
10
76
10
242
